image: map_test_6_image.png
resolution: 0.001
origin: [0.000000, 0.000000, 0.000000]
occupied_thresh: 0.65